NM "Gold" 
WV 0.0000
DT 1 0.00 0.0049 0.0035 2.3130
DT 2 15.00 0.0042 0.0040 2.2891
DT 3 30.00 0.0033 0.0028 2.3461
DT 4 45.00 0.0031 0.0019 2.2288
DT 5 60.00 0.0020 0.0000 2.1196
NM "Blue" 
WV 0.0000
DT 1 0.00 0.0030 0.0000 1.1899
DT 2 15.00 0.0027 0.0000 1.1626
DT 3 30.00 0.0012 0.0000 1.5789
DT 4 45.00 0.0003 0.0000 2.1186
DT 5 60.00 0.0000 0.0000 3.1757
NM "Red" 
WV 0.0000
DT 1 0.00 0.0073 0.0009 1.3297
DT 2 15.00 0.0069 0.0031 1.3530
DT 3 30.00 0.0059 0.0070 1.4792
DT 4 45.00 0.0049 0.0064 1.5848
DT 5 60.00 0.0043 0.0001 1.5223
NM "LightGreen" 
WV 0.0000
DT 1 0.00 0.0060 0.0000 1.0405
DT 2 15.00 0.0053 0.0000 1.1441
DT 3 30.00 0.0045 0.0000 1.2392
DT 4 45.00 0.0033 0.0000 1.4131
DT 5 60.00 0.0003 0.0000 2.3885
NM "Brown" 
WV 0.0000
DT 1 0.00 0.0053 0.0005 1.5232
DT 2 15.00 0.0050 0.0015 1.5670
DT 3 30.00 0.0039 0.0041 1.7612
DT 4 45.00 0.0038 0.0020 1.7358
DT 5 60.00 0.0021 0.0000 1.9130
NM "Green" 
WV 0.0000
DT 1 0.00 0.0055 0.0000 1.3230
DT 2 15.00 0.0053 0.0000 1.3197
DT 3 30.00 0.0052 0.0007 1.3227
DT 4 45.00 0.0044 0.0025 1.4394
DT 5 60.00 0.0014 0.0000 1.6662
NM "Glass" 
WV 0.0000
DT 1 0.00 0.0000 0.0000 2.9856
DT 2 15.00 0.0002 0.0000 2.4430
DT 3 30.00 0.0001 0.0000 2.8401
DT 4 45.00 0.0000 0.0000 3.4745
DT 5 60.00 0.0000 0.0000 3.3759
NM "Silicon" 
WV 0.0000
DT 1 0.00 0.0616 1.9949 0.0014
DT 2 15.00 0.0088 0.0000 0.8196
DT 3 30.00 0.0115 0.7390 19.2493
DT 4 45.00 0.0114 0.5605 13.2712
DT 5 60.00 0.0099 0.2624 10.2311
