NM "FLGOLD"
WV 0.0000E+00
DT 0 0.00E+00 8.405834E-03 1.208173008986E-02 1.754290E+00
DT 1 1.50E+01 6.543379E-03 1.154974895149E-02 1.809500E+00
DT 2 3.00E+01 5.041329E-03 7.745712388146E-03 1.914659E+00
DT 3 4.50E+01 4.822681E-03 5.837802586601E-03 1.865748E+00
DT 4 6.00E+01 2.515936E-03 1.421317737628E-03 2.030515E+00
NM "FLREFERENCE"
WV 0.0000E+00
DT 0 0.00E+00 6.194670E-03 1.032399798114E-01 5.558675E-01
DT 1 1.50E+01 5.347878E-03 1.013546452783E-01 6.096294E-01
DT 2 3.00E+01 3.991981E-03 5.423931290421E-02 8.365724E-01
DT 3 4.50E+01 2.141565E-03 1.581710685175E-02 1.266970E+00
DT 4 6.00E+01 2.154933E-04 3.905428764445E-04 2.353472E+00
NM "FLRED"
WV 0.0000E+00
DT 0 0.00E+00 8.869755E-03 4.833314556622E-02 1.134514E+00
DT 1 1.50E+01 7.953568E-03 4.368597392209E-02 1.205906E+00
DT 2 3.00E+01 7.050756E-03 3.364571437397E-02 1.293675E+00
DT 3 4.50E+01 6.675676E-03 2.409038160501E-02 1.331929E+00
DT 4 6.00E+01 4.312710E-03 7.629154081312E-03 1.520186E+00
NM "FLLIGHTGREEN"
WV 0.0000E+00
DT 0 0.00E+00 8.113829E-03 1.027125836088E-01 7.391704E-01
DT 1 1.50E+01 7.365460E-03 7.941291662909E-02 8.707804E-01
DT 2 3.00E+01 6.247285E-03 5.328005860492E-02 1.037757E+00
DT 3 4.50E+01 4.730231E-03 2.558152554782E-02 1.247512E+00
DT 4 6.00E+01 9.329388E-04 1.517329612190E-03 1.967378E+00
NM "FLBROWN"
WV 0.0000E+00
DT 0 0.00E+00 7.621957E-03 3.550729898908E-02 1.189081E+00
DT 1 1.50E+01 6.541761E-03 2.884027457911E-02 1.323975E+00
DT 2 3.00E+01 5.292778E-03 1.929468405012E-02 1.491552E+00
DT 3 4.50E+01 4.622962E-03 1.133578891969E-02 1.589879E+00
DT 4 6.00E+01 2.666648E-03 2.767350127227E-03 1.821086E+00
NM "FLGREEN"
WV 0.0000E+00
DT 0 0.00E+00 8.453159E-03 5.983350372236E-02 9.410355E-01
DT 1 1.50E+01 7.416846E-03 5.195445740192E-02 1.052860E+00
DT 2 3.00E+01 6.160242E-03 3.809858225474E-02 1.203195E+00
DT 3 4.50E+01 5.097074E-03 2.247842190245E-02 1.335479E+00
DT 4 6.00E+01 2.268713E-03 7.419770516559E-03 1.498978E+00
NM "FLGLASS"
WV 0.0000E+00
DT 0 0.00E+00 4.688814E-03 6.747871453413E-02 3.261815E-01
DT 1 1.50E+01 4.831387E-03 6.645810404145E-02 4.423107E-01
DT 2 3.00E+01 3.880695E-03 3.428834733147E-02 7.868674E-01
DT 3 4.50E+01 1.457194E-03 4.601829083948E-03 1.584902E+00
DT 4 6.00E+01 1.443231E-04 6.926751580866E-05 2.933016E+00
NM "FLSILICON"
WV 0.0000E+00
DT 0 0.00E+00 1.784229E-02 9.172803435000E-01 6.284414E-02
DT 1 1.50E+01 1.022162E-02 1.515083833476E-01 6.215086E-01
DT 2 3.00E+01 1.955786E-02 1.472276282750E+00 -2.285267E-01
DT 3 4.50E+01 3.521149E-02 2.249952223490E+00 -3.487346E-01
DT 4 6.00E+01 1.252243E-01 4.503036985285E+00 -5.024074E-01
NM "FDGOLD"
WV 0.0000E+00
DT 0 0.00E+00 4.872772E-03 3.462202463681E-03 2.312984E+00
DT 1 1.50E+01 4.198026E-03 4.034085890314E-03 2.289071E+00
DT 2 3.00E+01 3.255757E-03 2.808693715433E-03 2.346105E+00
DT 3 4.50E+01 3.067176E-03 1.896528838507E-03 2.228808E+00
DT 4 6.00E+01 1.950925E-03 1.014342555323E-09 2.119635E+00
NM "FDREFERENCE"
WV 0.0000E+00
DT 0 0.00E+00 3.038503E-03 4.981679620180E-07 1.189947E+00
DT 1 1.50E+01 2.708557E-03 4.217157873241E-08 1.162603E+00
DT 2 3.00E+01 1.152039E-03 1.215640985622E-06 1.578903E+00
DT 3 4.50E+01 3.316019E-04 7.580870418653E-08 2.118640E+00
DT 4 6.00E+01 2.046996E-05 5.726752664147E-11 3.175685E+00
NM "FDRED"
WV 0.0000E+00
DT 0 0.00E+00 7.319190E-03 8.570473626311E-04 1.329731E+00
DT 1 1.50E+01 6.871497E-03 3.128914514062E-03 1.352991E+00
DT 2 3.00E+01 5.891235E-03 7.013078272161E-03 1.479209E+00
DT 3 4.50E+01 4.904986E-03 6.445563312430E-03 1.584808E+00
DT 4 6.00E+01 4.332357E-03 1.435719900496E-04 1.522339E+00
NM "FDLIGHTGREEN"
WV 0.0000E+00
DT 0 0.00E+00 6.041945E-03 9.760607867665E-07 1.040533E+00
DT 1 1.50E+01 5.255802E-03 7.504261881919E-06 1.144065E+00
DT 2 3.00E+01 4.548167E-03 1.059118839520E-05 1.239230E+00
DT 3 4.50E+01 3.343748E-03 3.107785416368E-07 1.413112E+00
DT 4 6.00E+01 2.850658E-04 3.519330490249E-09 2.388480E+00
NM "FDBROWN"
WV 0.0000E+00
DT 0 0.00E+00 5.326203E-03 4.857202840860E-04 1.523224E+00
DT 1 1.50E+01 4.952583E-03 1.502391547150E-03 1.566993E+00
DT 2 3.00E+01 3.907382E-03 4.136943280600E-03 1.761198E+00
DT 3 4.50E+01 3.816293E-03 2.018170320074E-03 1.735759E+00
DT 4 6.00E+01 2.061452E-03 2.683033524590E-08 1.912968E+00
NM "FDGREEN"
WV 0.0000E+00
DT 0 0.00E+00 5.535380E-03 9.606119569242E-07 1.322970E+00
DT 1 1.50E+01 5.324430E-03 3.392094268166E-10 1.319691E+00
DT 2 3.00E+01 5.246172E-03 7.429153311777E-04 1.322697E+00
DT 3 4.50E+01 4.414981E-03 2.517666888983E-03 1.439369E+00
DT 4 6.00E+01 1.438879E-03 7.350901442067E-08 1.666247E+00
NM "FDGLASS"
WV 0.0000E+00
DT 0 0.00E+00 4.749273E-05 2.592504097502E-06 2.985601E+00
DT 1 1.50E+01 1.644568E-04 1.853737146840E-06 2.443019E+00
DT 2 3.00E+01 6.804166E-05 9.689675143910E-07 2.840061E+00
DT 3 4.50E+01 1.689212E-05 7.610508290421E-08 3.474541E+00
DT 4 6.00E+01 4.070773E-05 8.610281413678E-10 3.375869E+00
NM "FDSILICON"
WV 0.0000E+00
DT 0 0.00E+00 6.159785E-02 1.994896108611E+00 1.373616E-03
DT 1 1.50E+01 8.758818E-03 1.810548227887E-05 8.196323E-01
DT 2 3.00E+01 1.151500E-02 7.390189674055E-01 1.924928E+01
DT 3 4.50E+01 1.136414E-02 5.604716931971E-01 1.327117E+01
DT 4 6.00E+01 9.929165E-03 2.623921519227E-01 1.023108E+01
NM "BLGOLD"
WV 0.0000E+00
DT 0 0.00E+00 7.468134E-03 7.626462668866E-03 2.068169E+00
DT 1 1.50E+01 9.778389E-03 7.694933069030E-03 1.960332E+00
DT 2 3.00E+01 1.134309E-02 9.086544550769E-03 1.746294E+00
DT 3 4.50E+01 1.207764E-02 8.136172686425E-03 1.599209E+00
DT 4 6.00E+01 1.264258E-02 4.677630639663E-03 1.539541E+00
NM "BLREFERENCE"
WV 0.0000E+00
DT 0 0.00E+00 5.508734E-03 2.011337217299E-02 1.015434E+00
DT 1 1.50E+01 6.824654E-03 2.018636707957E-02 9.140951E-01
DT 2 3.00E+01 7.368877E-03 2.136317005056E-02 7.537001E-01
DT 3 4.50E+01 7.819472E-03 1.519993377512E-02 7.109537E-01
DT 4 6.00E+01 8.480662E-03 6.116021217032E-03 8.117336E-01
NM "BLRED"
WV 0.0000E+00
DT 0 0.00E+00 9.083375E-03 9.205329577032E-03 2.080346E+00
DT 1 1.50E+01 1.093297E-02 1.003780519679E-02 1.958610E+00
DT 2 3.00E+01 1.238954E-02 1.101330556200E-02 1.786317E+00
DT 3 4.50E+01 1.323004E-02 8.941063139574E-03 1.671414E+00
DT 4 6.00E+01 1.409229E-02 4.587492475573E-03 1.616365E+00
NM "BLLIGHTGREEN"
WV 0.0000E+00
DT 0 0.00E+00 5.093318E-03 2.828127809166E-03 1.656417E+00
DT 1 1.50E+01 6.894768E-03 5.124260708421E-03 1.366760E+00
DT 2 3.00E+01 7.799515E-03 5.497212646333E-03 1.169818E+00
DT 3 4.50E+01 8.466016E-03 3.838647108270E-03 1.099177E+00
DT 4 6.00E+01 9.324031E-03 1.691327431739E-03 1.133315E+00
NM "BLBROWN"
WV 0.0000E+00
DT 0 0.00E+00 5.927570E-03 5.893428902445E-03 1.893294E+00
DT 1 1.50E+01 7.749623E-03 6.900524786806E-03 1.710650E+00
DT 2 3.00E+01 9.068351E-03 7.003302271580E-03 1.527607E+00
DT 3 4.50E+01 9.915766E-03 4.946112421634E-03 1.440130E+00
DT 4 6.00E+01 1.100234E-02 2.183347363397E-03 1.429168E+00
NM "BLGREEN"
WV 0.0000E+00
DT 0 0.00E+00 6.300781E-03 9.362379942985E-03 1.513284E+00
DT 1 1.50E+01 8.082185E-03 1.042438256184E-02 1.368263E+00
DT 2 3.00E+01 9.073968E-03 1.060110923269E-02 1.186636E+00
DT 3 4.50E+01 9.849165E-03 6.929458984312E-03 1.133499E+00
DT 4 6.00E+01 1.067874E-02 3.751851035493E-03 1.102346E+00
NM "BLGLASS"
WV 0.0000E+00
DT 0 0.00E+00 2.765783E-03 2.876614366531E-03 1.333285E+00
DT 1 1.50E+01 3.586424E-03 3.689106629223E-03 1.127257E+00
DT 2 3.00E+01 3.979002E-03 3.657159010881E-03 9.670864E-01
DT 3 4.50E+01 4.521696E-03 2.498078073228E-03 9.510474E-01
DT 4 6.00E+01 6.288254E-03 1.241917668316E-03 1.024702E+00
NM "BLSILICON"
WV 0.0000E+00
DT 0 0.00E+00 1.588131E-02 8.067192327433E-01 1.496721E-01
DT 1 1.50E+01 1.845325E-02 5.747898725820E-01 1.635276E-01
DT 2 3.00E+01 1.670936E-02 1.073452241857E+00 6.090037E-02
DT 3 4.50E+01 1.220772E-02 8.137859270281E-01 2.634495E-02
DT 4 6.00E+01 1.302001E-02 5.561008731436E-01 1.375398E-01
NM "BDGOLD"
WV 0.0000E+00
DT 0 0.00E+00 1.022448E+01 3.237911536195E-03 2.692924E+00
DT 1 1.50E+01 9.632227E-01 2.616732274516E-03 2.556110E+00
DT 2 3.00E+01 3.562852E+02 2.736601666536E-03 2.455099E+00
DT 3 4.50E+01 9.148495E-01 2.074674938011E-03 2.214587E+00
DT 4 6.00E+01 8.581845E+01 1.738525411919E-11 1.889250E+00
NM "BDREFERENCE"
WV 0.0000E+00
DT 0 0.00E+00 3.270326E-01 1.025009978811E-12 3.366852E+00
DT 1 1.50E+01 5.544129E-05 6.191831895061E-07 3.649133E+00
DT 2 3.00E+01 5.766880E+02 2.796658252357E-11 3.600186E+00
DT 3 4.50E+01 9.692133E-04 1.315405452887E-12 3.815181E+00
DT 4 6.00E+01 3.790825E+01 1.549994570569E-12 4.089918E+00
NM "BDRED"
WV 0.0000E+00
DT 0 0.00E+00 1.271752E+01 5.571672690551E-03 2.640653E+00
DT 1 1.50E+01 1.730021E+00 5.698566770493E-03 2.438437E+00
DT 2 3.00E+01 3.341344E+02 5.615750867160E-03 2.302501E+00
DT 3 4.50E+01 1.650503E+00 3.676536119296E-03 1.962898E+00
DT 4 6.00E+01 8.630549E+01 1.998107551137E-11 1.867080E+00
NM "BDLIGHTGREEN"
WV 0.0000E+00
DT 0 0.00E+00 2.321217E-02 1.037611475528E-12 4.994026E+00
DT 1 1.50E+01 7.534828E-04 2.605894510643E-12 4.704390E+00
DT 2 3.00E+01 1.062206E+03 2.598216380754E-09 4.637815E+00
DT 3 4.50E+01 1.193667E-04 1.033119912571E-12 4.780787E+00
DT 4 6.00E+01 1.093612E+00 1.023373116308E-12 3.047637E+00
NM "BDBROWN"
WV 0.0000E+00
DT 0 0.00E+00 3.736848E+00 3.444061915382E-12 2.455199E+00
DT 1 1.50E+01 7.269367E-03 6.105124491654E-12 2.568591E+00
DT 2 3.00E+01 3.738370E+02 1.030597728954E-12 2.569700E+00
DT 3 4.50E+01 4.903999E-04 8.877298153735E-10 2.799812E+00
DT 4 6.00E+01 5.183415E+01 2.183396157877E-12 3.324389E+00
NM "BDGREEN"
WV 0.0000E+00
DT 0 0.00E+00 9.475473E-01 1.023399127083E-12 2.875995E+00
DT 1 1.50E+01 8.029842E-04 1.680033285479E-09 3.008925E+00
DT 2 3.00E+01 4.578221E+02 1.453485803027E-11 3.055972E+00
DT 3 4.50E+01 1.883816E-05 7.166227693071E-06 3.475945E+00
DT 4 6.00E+01 4.415911E+01 1.050713754233E-08 3.665217E+00
NM "BDGLASS"
WV 0.0000E+00
DT 0 0.00E+00 2.071500E-02 1.032191026008E-12 5.052829E+00
DT 1 1.50E+01 1.580971E-04 1.023394748626E-12 5.654742E+00
DT 2 3.00E+01 9.363134E+01 6.323330298696E-10 4.949984E+00
DT 3 4.50E+01 6.153265E-05 1.023966550266E-12 5.407094E+00
DT 4 6.00E+01 1.122872E+00 1.036876860130E-12 3.126962E+00
NM "BDSILICON"
WV 0.0000E+00
DT 0 0.00E+00 3.995951E+02 2.695735639887E+00 5.019448E-01
DT 1 1.50E+01 8.703699E+01 8.073726161556E-12 1.381397E-01
DT 2 3.00E+01 5.897011E+07 4.525000015943E+05 2.973804E+01
DT 3 4.50E+01 1.126466E+02 7.556535684125E-05 9.621296E-03
DT 4 6.00E+01 1.136138E+02 3.556459328626E-07 1.248305E-01
