Source  Measured
Symmetry  PlaneSymmetrical
SpectralContent  Monochrome
ScatterType  BRDF
SampleRotation  90
0
AngleOfIncidence  5
0	15	30	45	60
ScatterAzimuth 2
0	180
ScatterRadial 31
0	5	10	15	20	25	30	35	40	45	50	55	60	65	70	75	80	85	90	95	100	105	110	115	120	125	130	135	140	145	150

Monochrome
DataBegin
TIS 0.014513
0	0.636	0.222	0.091	0.044	0.024	0.015	0.01	0.008	0.006	0.005	0.004	0.004	0.003	0.003	0.002	0.002	0	0	0	0	0	0	0	0	0	0	0	0	0	0
0	0.705	0.352	0.143	0.066	0.034	0.02	0.012	0.009	0.006	0.004	0.003	0.002	0.002	0.001	0.001	0	0.001	0	0	0	0	0	0	0	0	0	0	0	0	0
TIS 0.077721
0	0	0	0.157	0.393	0.933	1.419	0.514	0.199	0.089	0.045	0.026	0.017	0.012	0.009	0.008	0.007	0.005	0.004	0.003	0.001	0	0	0	0	0	0	0	0	0	0
0	0	0	0.157	0.068	0.035	0	0.012	0.008	0.006	0.004	0.003	0.003	0.002	0.001	0.001	0.001	0	0	0.001	0.001	0	0	0	0	0	0	0	0	0	0
TIS 0.14793
0	0	0	0	0	0	0.02	0.036	0.074	0.168	0.402	0.903	1.499	0.577	0.232	0.11	0.058	0.036	0.024	0.019	0.014	0.012	0.009	0.004	0	0	0	0	0	0	0
0	0	0	0	0	0	0.02	0.011	0.008	0.005	0.004	0.003	0	0.002	0.001	0.001	0.001	0.001	0	0	0	0	0.001	0.002	0	0	0	0	0	0	0
TIS 0.18891
0	0	0	0	0	0	0	0	0	0.006	0.009	0.013	0.024	0.044	0.09	0.199	0.444	0.97	1.42	0.691	0.296	0.16	0.096	0.064	0.047	0.034	0.021	0	0	0	0
0	0	0	0	0	0	0	0	0	0.006	0.004	0.003	0.002	0.002	0.001	0.001	0.001	0.001	0	0.001	0	0	0	0	0.001	0.001	0.002	0	0	0	0
TIS 0.18524
0	0	0	0	0	0	0	0	0	0	0	0	0.002	0.003	0.005	0.008	0.012	0.02	0.036	0.068	0.143	0.293	0.559	1.316	0.595	1.218	0.385	0.251	0.174	0.106	0
0	0	0	0	0	0	0	0	0	0	0	0	0.002	0.002	0.001	0.001	0.001	0	0	0	0	0	0	0	0	0	0	0	0.001	0.002	0
DataEnd
