Source  Measured
Symmetry  PlaneSymmetrical
SpectralContent  Monochrome
ScatterType  BRDF
SampleRotation  90
0
AngleOfIncidence  5
0	15	30	45	60
ScatterAzimuth 2
0	180
ScatterRadial 31
0	5	10	15	20	25	30	35	40	45	50	55	60	65	70	75	80	85	90	95	100	105	110	115	120	125	130	135	140	145	150

Monochrome
DataBegin
TIS 0.055141
0	0.019	0.019	0.022	0.028	0.032	0.018	0.013	0.012	0.012	0.012	0.013	0.014	0.015	0.016	0.018	0.027	0.06	0	0	0	0	0	0	0	0	0	0	0	0	0
0	0.02	0.019	0.021	0.026	0.034	0.021	0.013	0.012	0.011	0.011	0.012	0.013	0.014	0.014	0.015	0.021	0.045	0	0	0	0	0	0	0	0	0	0	0	0	0
TIS 0.066031
0	0	0	0.021	0.025	0.032	0.047	0.067	0.049	0.019	0.013	0.012	0.011	0.011	0.011	0.011	0.012	0.013	0.015	0.02	0.035	0	0	0	0	0	0	0	0	0	0
0	0	0	0.021	0.02	0.02	0	0.024	0.025	0.019	0.016	0.016	0.014	0.013	0.012	0.012	0.014	0.024	0.047	0.021	0.024	0	0	0	0	0	0	0	0	0	0
TIS 0.045743
0	0	0	0	0	0	0.019	0.02	0.02	0.019	0.017	0.016	0.015	0.013	0.013	0.012	0.012	0.012	0.012	0.013	0.014	0.016	0.02	0.034	0	0	0	0	0	0	0
0	0	0	0	0	0	0.019	0.019	0.018	0.019	0.02	0.018	0	0.015	0.013	0.013	0.014	0.022	0.044	0.013	0.01	0.01	0.013	0.02	0	0	0	0	0	0	0
TIS 0.047593
0	0	0	0	0	0	0	0	0	0.011	0.011	0.011	0.011	0.011	0.012	0.013	0.014	0.015	0.016	0.016	0.015	0.016	0.017	0.017	0.019	0.024	0.039	0	0	0	0
0	0	0	0	0	0	0	0	0	0.011	0.012	0.014	0.014	0.012	0.012	0.013	0.015	0.024	0	0.013	0.01	0.009	0.009	0.009	0.01	0.012	0.02	0	0	0	0
TIS 0.063256
0	0	0	0	0	0	0	0	0	0	0	0	0.013	0.012	0.011	0.011	0.012	0.012	0.013	0.014	0.016	0.018	0.02	0.023	0.026	0.028	0.029	0.034	0.04	0.059	0
0	0	0	0	0	0	0	0	0	0	0	0	0.013	0.014	0.013	0.012	0.014	0.022	0.041	0.013	0.01	0.009	0.009	0.009	0	0.01	0.01	0.011	0.013	0.02	0
DataEnd
